// output from Obj2DatTex.py Wavefront text file conversion script
// (c) 2005 By Giles Williams
// 
// original file: "/Volumes/Data/Justin/Projects/Oolite-Models/cobra3-dangerous.obj"
// 
// model size: 130.000 x 28.501 x 67.516
// 
// textures used: ['cobra-stealth.png']
// 
NVERTS 178
NFACES 352

VERTEX
14.26131, -0.50001, 32.50000
44.00000, 8.27880, -32.50000
13.12534, -13.04073, -32.50000
59.21274, -3.00000, -13.00000
65.00000, -3.00000, -32.50000
29.33333, 11.18723, -21.66667
14.66667, 11.87365, -10.83333
45.33334, -2.16667, 2.16667
30.66667, -1.33334, 17.33333
8.00000, 5.85005, 16.25000
12.00000, 2.67502, 24.37500
8.00000, 5.40565, -32.50000
8.30175, -7.61168, -32.50000
52.00000, 3.50000, -22.75000
54.50000, 3.50000, -32.50000
22.66667, 5.27015, 3.25000
37.33334, 4.51028, -9.75000
56.00000, 0.25000, -17.87500
59.75000, 0.25000, -32.50000
26.66667, 1.96841, 10.29167
41.33334, 1.17181, -3.79167
16.02131, -7.74248, -0.00338
16.09534, -4.05250, 16.21867
29.33333, 11.60213, -32.50000
14.66667, 13.09997, -32.50000
38.32914, -9.52770, -32.50000
48.66667, -7.00000, -32.50000
4.88889, 13.52253, -10.83333
9.77778, 12.74483, -10.83333
9.77778, 13.74192, -21.66666
19.55555, 12.53428, -21.66666
27.54201, 6.44371, -32.50000
39.00000, 2.33334, -32.50000
27.91667, -4.91677, -32.50000
39.24497, -2.33333, -32.50000
38.00000, -9.00000, -22.75000
49.00000, -6.00000, -17.87500
23.35346, -2.91031, 16.80641
30.66667, -4.95825, 1.08333
27.00000, -2.03125, 17.06250
38.00000, -3.56250, 1.62500
14.76913, -4.70612, -0.04973
23.33333, -0.91667, 24.91667
7.33333, 12.03688, -5.41666
15.33333, 5.56010, 9.75000
19.33333, 2.32172, 17.33333
16.54067, 2.31578, 17.37744
13.11741, 5.55930, 9.83821
20.63066, -1.26563, 24.78125
15.13065, -2.31251, 24.37500
8.00000, 5.42334, -34.22119
8.30175, -7.59241, -34.22119
27.54201, 6.45991, -34.22119
27.91667, -4.91666, -34.22119
9.37029, 4.65283, -34.96285
9.63045, -6.56745, -34.96285
26.21834, 5.56470, -34.96285
26.54135, -4.24707, -34.96285
9.37029, 4.71051, -30.05247
9.63045, -6.51904, -30.05247
26.21834, 5.59568, -30.05247
26.54135, -4.24708, -30.05247
27.54201, 6.46019, -34.25374
39.00000, 2.33334, -34.25374
27.91667, -4.91666, -34.25374
39.24497, -2.33333, -34.25374
28.30066, 5.68189, -34.56171
38.28129, 2.08385, -34.56171
28.62701, -4.23136, -34.56171
38.49468, -1.98111, -34.56171
28.30066, 5.71370, -29.50359
38.28129, 2.08385, -29.50359
28.62701, -4.23136, -29.50359
38.49468, -1.98111, -29.50359
19.73352, -3.48353, 16.51126
10.26737, 2.45978, 21.18086
6.84491, 5.63481, 13.05586
-0.00000, -0.51631, 32.55310
-0.00000, -7.77279, 0.16791
-0.00000, -4.37497, 16.23973
-0.00000, -4.79911, -0.13752
-0.00000, -2.38837, 24.82313
27.00000, -11.21470, -27.62500
23.34399, -6.35037, 0.53997
16.96399, -1.96355, 24.51042
24.85661, -11.80637, -32.50000
-14.26131, -0.50001, 32.50000
-0.00000, 12.16490, 0.00000
-44.00000, 8.27880, -32.50000
-13.12534, -13.04073, -32.50000
-59.21274, -3.00000, -13.00000
-0.00000, 14.13950, -32.50000
-65.00000, -3.00000, -32.50000
-29.33333, 11.18698, -21.66667
-14.66667, 11.87365, -10.83333
-45.33334, -2.16667, 2.16667
-30.66667, -1.33334, 17.33333
-0.00000, 14.99074, -21.66666
-0.00000, 14.33618, -10.83333
-8.00000, 5.85005, 16.25000
-12.00000, 2.67502, 24.37500
-8.00000, 5.40565, -32.50000
-8.30175, -7.61168, -32.50000
-52.00000, 3.50000, -22.75000
-54.50000, 3.50000, -32.50000
-22.66667, 5.27015, 3.25000
-37.33334, 4.51028, -9.75000
-56.00000, 0.25000, -17.87500
-59.75000, 0.25000, -32.50000
-26.66667, 1.96841, 10.29167
-41.33334, 1.17181, -3.79167
-16.02131, -7.74248, -0.00338
-16.09352, -4.05207, 16.21893
-29.33333, 11.60213, -32.50000
-14.66667, 13.09997, -32.50000
-38.32914, -9.52770, -32.50000
-48.66667, -7.00000, -32.50000
-4.88889, 13.52253, -10.83333
-9.77778, 12.70031, -10.83333
-9.77778, 13.74192, -21.66666
-19.55555, 12.49222, -21.66666
-27.54201, 6.44371, -32.50000
-39.00000, 2.33334, -32.50000
-27.91667, -4.91677, -32.50000
-39.24497, -2.33333, -32.50000
-38.00000, -9.00000, -22.75000
-49.00000, -6.00000, -17.87500
-23.35346, -2.91031, 16.80641
-30.66667, -4.95825, 1.08333
-27.00000, -2.03125, 17.06250
-38.00000, -3.56250, 1.62500
-14.76913, -4.70612, -0.04973
-23.33333, -0.91667, 24.91667
-7.33333, 12.03688, -5.41666
-15.33333, 5.56010, 9.75000
-19.33333, 2.32172, 17.33333
-16.54067, 2.31578, 17.37744
-13.11741, 5.55930, 9.83821
-20.63066, -1.26563, 24.78125
-15.13065, -2.31251, 24.37500
-8.00000, 5.42334, -34.22119
-8.30175, -7.59241, -34.22119
-27.54201, 6.45991, -34.22119
-27.91667, -4.91666, -34.22119
-9.37029, 4.65283, -34.96285
-9.63045, -6.56745, -34.96285
-26.21834, 5.56470, -34.96285
-26.54135, -4.24707, -34.96285
-9.37029, 4.71051, -30.05247
-9.63045, -6.51904, -30.05247
-26.21834, 5.59568, -30.05247
-26.54135, -4.24708, -30.05247
-27.54201, 6.46019, -34.25374
-39.00000, 2.33334, -34.25374
-27.91667, -4.91666, -34.25374
-39.24497, -2.33333, -34.25374
-28.30066, 5.68189, -34.56171
-38.28129, 2.08385, -34.56171
-28.62701, -4.23136, -34.56171
-38.49468, -1.98111, -34.56171
-28.30066, 5.71370, -29.50359
-38.28129, 2.08385, -29.50359
-28.62701, -4.23136, -29.50359
-38.49468, -1.98111, -29.50359
-19.73352, -3.48353, 16.51126
-10.26737, 2.45978, 21.18086
-6.84491, 5.63481, 13.05586
-0.00000, -13.50986, -32.50000
-0.00000, 2.67502, 24.37500
-0.00000, 5.36718, -32.50000
-0.00000, -7.64806, -32.50000
-0.00000, 5.85005, 16.25000
-0.00000, 2.45978, 21.18086
-0.00000, 5.63481, 13.05586
-27.00000, -11.21470, -27.62500
-23.34399, -6.35037, 0.53997
-16.96399, -1.96355, 24.51042
-24.85661, -11.80637, -32.50000

FACES
0,0,0,	0.25065,0.93761,0.24096,	3,	44,9,87
1,0,0,	0.22360,0.93340,0.28066,	3,	44,87,43
2,0,0,	-0.00000,0.00000,-1.00000,	3,	34,18,14
3,0,0,	-0.00000,0.00000,-1.00000,	3,	34,14,32
4,0,0,	-0.00000,-0.00000,-1.00000,	3,	31,24,91
5,0,0,	-0.00000,-0.00000,-1.00000,	3,	31,91,11
6,0,0,	0.41192,0.90508,0.10562,	3,	13,1,14
7,0,0,	0.13547,0.98335,0.12110,	3,	30,5,6
8,0,0,	0.17376,0.97509,0.13788,	3,	30,6,28
9,0,0,	0.28594,0.91976,0.26884,	3,	16,15,6
10,0,0,	0.27883,0.90542,0.32012,	3,	16,6,5
11,0,0,	0.31974,0.90183,0.29065,	3,	13,16,5
12,0,0,	0.32348,0.92717,0.18902,	3,	13,5,1
13,0,0,	0.12669,0.99194,-0.00161,	3,	24,29,97
14,0,0,	0.07048,0.99445,-0.07814,	3,	24,97,91
15,0,0,	0.00000,0.93209,0.36222,	3,	9,171,87
16,0,0,	0.52163,0.84263,0.13375,	3,	17,13,14
17,0,0,	0.52163,0.84263,0.13375,	3,	17,14,18
18,0,0,	0.29967,0.91789,0.26016,	3,	20,19,15
19,0,0,	0.31044,0.90285,0.29747,	3,	20,15,16
20,0,0,	0.32906,0.90067,0.28374,	3,	17,20,16
21,0,0,	0.33886,0.88711,0.31337,	3,	17,16,13
22,0,0,	0.58210,0.79930,0.14926,	3,	3,17,18
23,0,0,	0.52005,0.84008,0.15434,	3,	3,18,4
24,0,0,	0.31254,0.91589,0.25191,	3,	7,8,19
25,0,0,	0.32459,0.90124,0.28706,	3,	7,19,20
26,0,0,	0.34821,0.89789,0.26933,	3,	3,7,20
27,0,0,	0.37305,0.86646,0.33179,	3,	3,20,17
28,0,0,	0.26002,0.92995,0.25997,	3,	45,42,0
29,0,0,	0.30497,0.91275,0.27180,	3,	45,0,10
30,0,0,	0.00000,-0.00000,-1.00000,	3,	34,26,4
31,0,0,	0.00000,0.00000,-1.00000,	3,	34,4,18
32,0,0,	0.16817,-0.96381,0.20686,	3,	40,7,3
33,0,0,	0.17693,-0.95938,0.21973,	3,	40,3,36
34,0,0,	0.16730,-0.96225,0.21466,	3,	40,36,35
35,0,0,	0.16729,-0.96226,0.21466,	3,	40,35,38
36,0,0,	0.33765,0.94123,0.00885,	3,	32,31,62
37,0,0,	0.33886,0.94084,-0.00000,	3,	32,62,63
38,0,0,	-0.05304,0.99854,0.01026,	3,	31,11,50
39,0,0,	-0.05297,0.99855,0.00940,	3,	31,50,52
40,0,0,	-0.00000,-0.00000,-1.00000,	3,	14,1,23
41,0,0,	-0.00000,-0.00000,-1.00000,	3,	14,23,32
42,0,0,	-0.00000,-0.00000,-1.00000,	3,	32,23,24
43,0,0,	-0.00000,-0.00000,-1.00000,	3,	32,24,31
44,0,0,	0.12631,0.98899,0.07703,	3,	97,29,27
45,0,0,	0.16388,0.98468,0.05950,	3,	97,27,98
46,0,0,	0.12207,0.98834,0.09097,	3,	29,30,28
47,0,0,	0.15646,0.98353,0.09052,	3,	29,28,27
48,0,0,	0.13603,0.98739,-0.08092,	3,	1,5,30
49,0,0,	0.21953,0.96883,0.11478,	3,	1,30,23
50,0,0,	0.12254,0.99214,0.02523,	3,	23,30,29
51,0,0,	0.10159,0.99474,-0.01310,	3,	23,29,24
52,0,0,	0.10435,-0.99175,0.07449,	3,	82,85,2
53,0,0,	0.00000,-0.00000,-1.00000,	3,	33,25,26
54,0,0,	0.00000,0.00000,-1.00000,	3,	33,26,34
55,0,0,	-0.16361,0.96759,0.19234,	3,	94,118,133
56,0,0,	-0.16277,0.96781,0.19199,	3,	118,117,133
57,0,0,	0.18011,-0.98283,0.04009,	3,	85,82,35
58,0,0,	0.16648,-0.98429,0.05889,	3,	85,35,25
59,0,0,	0.23708,-0.96958,0.06089,	3,	36,26,25
60,0,0,	0.23759,-0.96948,0.06049,	3,	36,25,35
61,0,0,	0.25478,-0.96513,0.06018,	3,	26,36,3
62,0,0,	0.23728,-0.96889,0.07042,	3,	26,3,4
63,0,0,	0.16848,-0.96437,0.20398,	3,	40,38,37
64,0,0,	0.21101,-0.94648,0.24424,	3,	40,37,39
65,0,0,	0.16730,-0.96225,0.21466,	3,	7,40,39
66,0,0,	0.16730,-0.96225,0.21466,	3,	7,39,8
67,0,0,	0.11616,-0.97440,0.19251,	3,	39,48,42
68,0,0,	0.16730,-0.96225,0.21466,	3,	39,42,8
69,0,0,	0.11616,-0.97440,0.19251,	3,	42,48,0
70,0,0,	0.02007,-0.99906,0.03850,	3,	79,22,41
71,0,0,	0.00614,-0.99965,0.02589,	3,	79,41,80
72,0,0,	-0.92118,-0.37851,0.09030,	3,	41,22,21
73,0,0,	0.26475,0.92938,0.25723,	3,	15,44,43
74,0,0,	0.23997,0.92422,0.29704,	3,	15,43,6
75,0,0,	0.28198,0.92704,0.24715,	3,	19,45,44
76,0,0,	0.27870,0.92065,0.27337,	3,	19,44,15
77,0,0,	0.31254,0.91589,0.25191,	3,	19,8,42
78,0,0,	0.28198,0.92704,0.24715,	3,	19,42,45
79,0,0,	0.00426,0.91929,0.39356,	3,	45,46,47
80,0,0,	0.01503,0.92239,0.38597,	3,	45,47,44
81,0,0,	-0.00000,-0.99774,0.06723,	3,	171,9,76
82,0,0,	-0.00000,-0.99774,0.06723,	3,	171,76,173
83,0,0,	-0.16291,-0.95383,0.25233,	3,	127,138,176
84,0,0,	0.16618,-0.96020,0.22449,	3,	22,49,84
85,0,0,	0.13239,-0.96436,0.22908,	3,	22,84,74
86,0,0,	0.08890,-0.65171,-0.75324,	3,	51,53,57
87,0,0,	0.09028,-0.65799,-0.74759,	3,	51,57,55
88,0,0,	0.13611,-0.99069,-0.00006,	3,	12,33,53
89,0,0,	0.13515,-0.99076,-0.01109,	3,	12,53,51
90,0,0,	-0.99973,-0.02317,-0.00026,	3,	11,12,51
91,0,0,	-0.99973,-0.02318,-0.00024,	3,	11,51,50
92,0,0,	0.99946,0.03296,0.00031,	3,	33,31,52
93,0,0,	0.99946,0.03291,0.00000,	3,	33,52,53
94,0,0,	0.99973,0.02318,-0.00023,	3,	54,55,59
95,0,0,	0.99973,0.02316,-0.00027,	3,	54,59,58
96,0,0,	-0.99946,-0.03290,0.00021,	3,	57,56,60
97,0,0,	-0.99946,-0.03280,-0.00000,	3,	57,60,61
98,0,0,	-0.03501,0.66005,-0.75041,	3,	52,50,54
99,0,0,	-0.03619,0.66875,-0.74261,	3,	52,54,56
100,0,0,	0.48057,0.01583,-0.87681,	3,	53,52,56
101,0,0,	0.48054,0.01582,-0.87683,	3,	53,56,57
102,0,0,	-0.48079,-0.01115,-0.87676,	3,	50,51,55
103,0,0,	-0.48080,-0.01115,-0.87676,	3,	50,55,54
104,0,0,	-0.00000,0.00000,-1.00000,	3,	59,61,60
105,0,0,	-0.00000,0.00000,-1.00000,	3,	59,60,58
106,0,0,	-0.13594,0.99072,0.00000,	3,	55,57,61
107,0,0,	-0.13315,0.99105,-0.00977,	3,	55,61,59
108,0,0,	0.05404,-0.99847,0.01173,	3,	56,54,58
109,0,0,	0.05247,-0.99860,0.00630,	3,	56,58,60
110,0,0,	0.38781,0.02036,-0.92151,	3,	65,63,67
111,0,0,	0.38781,0.02036,-0.92151,	3,	65,67,69
112,0,0,	-0.99946,-0.03296,-0.00000,	3,	31,33,64
113,0,0,	-0.99946,-0.03291,-0.00031,	3,	31,64,62
114,0,0,	0.22234,-0.97497,-0.00000,	3,	33,34,65
115,0,0,	0.22233,-0.97497,-0.00006,	3,	33,65,64
116,0,0,	0.99863,0.05242,0.00000,	3,	34,32,63
117,0,0,	0.99863,0.05242,-0.00000,	3,	34,63,65
118,0,0,	-0.33913,-0.94072,0.00592,	3,	67,66,70
119,0,0,	-0.34179,-0.93978,-0.00000,	3,	67,70,71
120,0,0,	0.18430,0.51171,-0.83916,	3,	63,62,66
121,0,0,	0.18356,0.50918,-0.84086,	3,	63,66,67
122,0,0,	0.11490,-0.50384,-0.85612,	3,	64,65,69
123,0,0,	0.11490,-0.50384,-0.85612,	3,	64,69,68
124,0,0,	-0.38736,-0.01276,-0.92184,	3,	62,64,68
125,0,0,	-0.38731,-0.01275,-0.92186,	3,	62,68,66
126,0,0,	-0.00000,0.00000,-1.00000,	3,	72,73,71
127,0,0,	-0.00000,0.00000,-1.00000,	3,	72,71,70
128,0,0,	-0.99863,-0.05242,-0.00000,	3,	69,67,71
129,0,0,	-0.99863,-0.05242,-0.00000,	3,	69,71,73
130,0,0,	0.99946,0.03290,0.00000,	3,	66,68,72
131,0,0,	0.99946,0.03280,-0.00021,	3,	66,72,70
132,0,0,	-0.22233,0.97497,0.00000,	3,	68,69,73
133,0,0,	-0.22233,0.97497,0.00000,	3,	68,73,72
134,0,0,	0.00140,-0.99966,0.02619,	3,	44,47,76
135,0,0,	0.01526,-0.99798,0.06173,	3,	44,76,9
136,0,0,	0.03527,-0.98685,0.15775,	3,	21,2,167
137,0,0,	0.00371,-0.98492,0.17297,	3,	21,167,78
138,0,0,	0.00029,0.93144,0.36390,	3,	10,0,77
139,0,0,	-0.00000,0.93158,0.36353,	3,	10,77,168
140,0,0,	-0.00000,-0.00000,-1.00000,	3,	12,11,169
141,0,0,	-0.00000,-0.00000,-1.00000,	3,	12,169,170
142,0,0,	-0.00000,-0.00000,-1.00000,	3,	2,12,170
143,0,0,	-0.00000,-0.00000,-1.00000,	3,	2,170,167
144,0,0,	0.01986,-0.97732,0.21084,	3,	49,22,79
145,0,0,	0.01156,-0.97418,0.22547,	3,	49,79,81
146,0,0,	0.01137,-0.97569,0.21887,	3,	0,49,81
147,0,0,	0.00199,-0.97190,0.23538,	3,	0,81,77
148,0,0,	-0.00000,0.00000,-1.00000,	3,	169,11,91
149,0,0,	0.19431,0.93864,0.28495,	3,	46,75,76
150,0,0,	0.17569,0.93076,0.32066,	3,	46,76,47
151,0,0,	-0.00296,0.99858,-0.05319,	3,	46,45,10
152,0,0,	-0.01345,0.99811,-0.05997,	3,	46,10,75
153,0,0,	-0.00000,0.99774,-0.06723,	3,	168,172,75
154,0,0,	-0.00000,0.99774,-0.06723,	3,	168,75,10
155,0,0,	0.00000,0.93141,0.36397,	3,	76,75,172
156,0,0,	-0.00000,0.93141,0.36397,	3,	76,172,173
157,0,0,	0.00000,-0.00000,-1.00000,	3,	33,85,25
158,0,0,	0.01065,0.01965,0.99975,	3,	41,21,78
159,0,0,	-0.00656,0.10217,0.99475,	3,	41,78,80
160,0,0,	0.11520,-0.97623,0.18356,	3,	35,82,83
161,0,0,	0.16702,-0.96232,0.21459,	3,	35,83,38
162,0,0,	-0.00000,0.00000,-1.00000,	3,	85,33,12
163,0,0,	0.16537,-0.95866,0.23155,	3,	84,49,0
164,0,0,	-0.20831,-0.94140,0.26527,	3,	129,138,127
165,0,0,	-0.13394,-0.96403,0.22956,	3,	127,176,164
166,0,0,	-0.00000,-0.00000,-1.00000,	3,	85,12,2
167,0,0,	0.16984,-0.96716,0.18908,	3,	21,83,82
168,0,0,	0.07559,-0.98519,0.15389,	3,	21,82,2
169,0,0,	0.16291,-0.95383,0.25233,	3,	48,37,84
170,0,0,	0.16822,-0.96444,0.20386,	3,	37,38,83
171,0,0,	0.13677,-0.96918,0.20489,	3,	37,83,74
172,0,0,	-0.22360,0.93340,0.28066,	3,	134,133,87
173,0,0,	-0.25065,0.93761,0.24096,	3,	134,87,99
174,0,0,	-0.00000,0.00000,-1.00000,	3,	124,122,104
175,0,0,	-0.00000,-0.00000,-1.00000,	3,	124,104,108
176,0,0,	0.00000,-0.00000,-1.00000,	3,	121,101,91
177,0,0,	-0.00000,0.00000,-1.00000,	3,	121,91,114
178,0,0,	-0.41192,0.90508,0.10562,	3,	103,104,88
179,0,0,	-0.16530,0.97758,0.13042,	3,	120,118,94
180,0,0,	-0.13143,0.98457,0.11553,	3,	120,94,93
181,0,0,	-0.27883,0.90542,0.32010,	3,	106,93,94
182,0,0,	-0.28594,0.91976,0.26884,	3,	106,94,105
183,0,0,	-0.31973,0.90183,0.29064,	3,	93,106,103
184,0,0,	-0.32347,0.92717,0.18903,	3,	93,103,88
185,0,0,	-0.07048,0.99445,-0.07814,	3,	114,91,97
186,0,0,	-0.12669,0.99194,-0.00161,	3,	114,97,119
187,0,0,	-0.16109,0.96793,0.19278,	3,	133,117,98
188,0,0,	-0.16018,0.96784,0.19398,	3,	133,98,87
189,0,0,	-0.00000,0.93209,0.36222,	3,	99,87,171
190,0,0,	-0.52163,0.84263,0.13375,	3,	107,108,104
191,0,0,	-0.52163,0.84263,0.13375,	3,	107,104,103
192,0,0,	-0.31044,0.90285,0.29747,	3,	110,106,105
193,0,0,	-0.29967,0.91789,0.26016,	3,	110,105,109
194,0,0,	-0.33886,0.88711,0.31337,	3,	107,103,106
195,0,0,	-0.32906,0.90067,0.28374,	3,	107,106,110
196,0,0,	-0.52005,0.84008,0.15434,	3,	90,92,108
197,0,0,	-0.58210,0.79930,0.14926,	3,	90,108,107
198,0,0,	-0.32459,0.90124,0.28706,	3,	95,110,109
199,0,0,	-0.31254,0.91589,0.25191,	3,	95,109,96
200,0,0,	-0.37305,0.86646,0.33179,	3,	90,107,110
201,0,0,	-0.34821,0.89789,0.26933,	3,	90,110,95
202,0,0,	-0.30497,0.91275,0.27180,	3,	135,100,86
203,0,0,	-0.26002,0.92995,0.25997,	3,	135,86,132
204,0,0,	-0.00000,-0.00000,-1.00000,	3,	124,108,92
205,0,0,	-0.00000,-0.00000,-1.00000,	3,	124,92,116
206,0,0,	-0.17693,-0.95938,0.21973,	3,	130,126,90
207,0,0,	-0.16817,-0.96381,0.20686,	3,	130,90,95
208,0,0,	-0.16729,-0.96226,0.21466,	3,	130,128,125
209,0,0,	-0.16730,-0.96225,0.21466,	3,	130,125,126
210,0,0,	-0.33886,0.94084,-0.00000,	3,	122,153,152
211,0,0,	-0.33765,0.94123,0.00885,	3,	122,152,121
212,0,0,	0.05297,0.99855,0.00940,	3,	121,142,140
213,0,0,	0.05304,0.99854,0.01026,	3,	121,140,101
214,0,0,	0.00000,-0.00000,-1.00000,	3,	104,122,113
215,0,0,	-0.00000,0.00000,-1.00000,	3,	104,113,88
216,0,0,	-0.00000,-0.00000,-1.00000,	3,	122,121,114
217,0,0,	-0.00000,0.00000,-1.00000,	3,	122,114,113
218,0,0,	-0.16388,0.98468,0.05950,	3,	97,98,117
219,0,0,	-0.12631,0.98899,0.07703,	3,	97,117,119
220,0,0,	-0.16511,0.98175,0.09439,	3,	119,117,118
221,0,0,	-0.12621,0.98745,0.09494,	3,	119,118,120
222,0,0,	-0.21943,0.96841,0.11848,	3,	88,113,120
223,0,0,	-0.13182,0.98748,-0.08662,	3,	88,120,93
224,0,0,	-0.10159,0.99474,-0.01310,	3,	113,114,119
225,0,0,	-0.12671,0.99139,0.03291,	3,	113,119,120
226,0,0,	-0.10435,-0.99175,0.07449,	3,	174,89,177
227,0,0,	-0.00000,-0.00000,-1.00000,	3,	123,124,116
228,0,0,	-0.00000,-0.00000,-1.00000,	3,	123,116,115
229,0,0,	0.17176,0.96389,0.20349,	3,	43,28,6
230,0,0,	0.15405,0.96841,0.19609,	3,	28,43,27
231,0,0,	-0.16648,-0.98429,0.05889,	3,	177,115,125
232,0,0,	-0.18011,-0.98283,0.04009,	3,	177,125,174
233,0,0,	-0.23759,-0.96948,0.06049,	3,	126,125,115
234,0,0,	-0.23708,-0.96958,0.06089,	3,	126,115,116
235,0,0,	-0.23728,-0.96889,0.07042,	3,	116,92,90
236,0,0,	-0.25478,-0.96513,0.06018,	3,	116,90,126
237,0,0,	-0.21101,-0.94648,0.24424,	3,	130,129,127
238,0,0,	-0.16848,-0.96437,0.20398,	3,	130,127,128
239,0,0,	-0.16730,-0.96225,0.21466,	3,	95,96,129
240,0,0,	-0.16730,-0.96225,0.21466,	3,	95,129,130
241,0,0,	-0.16730,-0.96225,0.21466,	3,	129,96,132
242,0,0,	-0.11616,-0.97440,0.19251,	3,	129,132,138
243,0,0,	-0.11616,-0.97440,0.19251,	3,	132,86,138
244,0,0,	-0.02009,-0.99946,0.02588,	3,	112,79,80
245,0,0,	-0.00606,-0.99919,0.03968,	3,	112,80,131
246,0,0,	-0.23997,0.92422,0.29704,	3,	105,94,133
247,0,0,	-0.26475,0.92938,0.25723,	3,	105,133,134
248,0,0,	-0.27870,0.92065,0.27337,	3,	109,105,134
249,0,0,	-0.28198,0.92704,0.24715,	3,	109,134,135
250,0,0,	-0.28198,0.92704,0.24715,	3,	109,135,132
251,0,0,	-0.31254,0.91589,0.25191,	3,	109,132,96
252,0,0,	-0.01503,0.92239,0.38597,	3,	135,134,137
253,0,0,	-0.00426,0.91929,0.39356,	3,	135,137,136
254,0,0,	-0.00000,-0.99774,0.06723,	3,	171,173,166
255,0,0,	-0.00000,-0.99774,0.06723,	3,	171,166,99
0,0,0,	0.13394,-0.96403,0.22956,	3,	84,37,74
1,0,0,	-0.13224,-0.96439,0.22904,	3,	112,164,176
2,0,0,	-0.16619,-0.96022,0.22442,	3,	112,176,139
3,0,0,	-0.09028,-0.65799,-0.74759,	3,	141,145,147
4,0,0,	-0.08890,-0.65171,-0.75324,	3,	141,147,143
5,0,0,	-0.13515,-0.99076,-0.01109,	3,	102,141,143
6,0,0,	-0.13611,-0.99069,-0.00006,	3,	102,143,123
7,0,0,	0.99973,-0.02318,-0.00024,	3,	101,140,141
8,0,0,	0.99973,-0.02317,-0.00026,	3,	101,141,102
9,0,0,	-0.99946,0.03291,0.00000,	3,	123,143,142
10,0,0,	-0.99946,0.03296,0.00031,	3,	123,142,121
11,0,0,	-0.99973,0.02316,-0.00027,	3,	144,148,149
12,0,0,	-0.99973,0.02318,-0.00023,	3,	144,149,145
13,0,0,	0.99946,-0.03280,-0.00000,	3,	147,151,150
14,0,0,	0.99946,-0.03290,0.00021,	3,	147,150,146
15,0,0,	0.03619,0.66875,-0.74261,	3,	142,146,144
16,0,0,	0.03501,0.66005,-0.75041,	3,	142,144,140
17,0,0,	-0.48054,0.01582,-0.87683,	3,	143,147,146
18,0,0,	-0.48057,0.01583,-0.87681,	3,	143,146,142
19,0,0,	0.48080,-0.01115,-0.87676,	3,	140,144,145
20,0,0,	0.48079,-0.01115,-0.87676,	3,	140,145,141
21,0,0,	-0.00000,0.00000,-1.00000,	3,	149,148,150
22,0,0,	-0.00000,-0.00000,-1.00000,	3,	149,150,151
23,0,0,	0.13315,0.99105,-0.00977,	3,	145,149,151
24,0,0,	0.13594,0.99072,0.00000,	3,	145,151,147
25,0,0,	-0.05247,-0.99860,0.00630,	3,	146,150,148
26,0,0,	-0.05404,-0.99847,0.01173,	3,	146,148,144
27,0,0,	-0.38781,0.02036,-0.92151,	3,	155,159,157
28,0,0,	-0.38781,0.02036,-0.92151,	3,	155,157,153
29,0,0,	0.99946,-0.03291,-0.00031,	3,	121,152,154
30,0,0,	0.99946,-0.03296,-0.00000,	3,	121,154,123
31,0,0,	-0.22233,-0.97497,-0.00006,	3,	123,154,155
32,0,0,	-0.22234,-0.97497,0.00000,	3,	123,155,124
33,0,0,	-0.99863,0.05242,-0.00000,	3,	124,155,153
34,0,0,	-0.99863,0.05242,-0.00000,	3,	124,153,122
35,0,0,	0.34179,-0.93978,-0.00000,	3,	157,161,160
36,0,0,	0.33913,-0.94072,0.00592,	3,	157,160,156
37,0,0,	-0.18356,0.50918,-0.84086,	3,	153,157,156
38,0,0,	-0.18430,0.51171,-0.83916,	3,	153,156,152
39,0,0,	-0.11490,-0.50384,-0.85612,	3,	154,158,159
40,0,0,	-0.11490,-0.50384,-0.85612,	3,	154,159,155
41,0,0,	0.38731,-0.01275,-0.92186,	3,	152,156,158
42,0,0,	0.38736,-0.01276,-0.92184,	3,	152,158,154
43,0,0,	-0.00000,0.00000,-1.00000,	3,	162,160,161
44,0,0,	-0.00000,-0.00000,-1.00000,	3,	162,161,163
45,0,0,	0.99863,-0.05242,-0.00000,	3,	159,163,161
46,0,0,	0.99863,-0.05242,-0.00000,	3,	159,161,157
47,0,0,	-0.99946,0.03280,-0.00021,	3,	156,160,162
48,0,0,	-0.99946,0.03290,0.00000,	3,	156,162,158
49,0,0,	0.22233,0.97497,0.00000,	3,	158,162,163
50,0,0,	0.22233,0.97497,0.00000,	3,	158,163,159
51,0,0,	-0.01526,-0.99798,0.06173,	3,	134,99,166
52,0,0,	-0.00140,-0.99966,0.02619,	3,	134,166,137
53,0,0,	-0.00199,-0.97190,0.23538,	3,	86,77,81
54,0,0,	-0.01137,-0.97569,0.21887,	3,	86,81,139
55,0,0,	0.00000,-0.00000,-1.00000,	3,	102,170,169
56,0,0,	-0.00000,0.00000,-1.00000,	3,	102,169,101
57,0,0,	0.00000,-0.00000,-1.00000,	3,	89,167,170
58,0,0,	-0.00000,0.00000,-1.00000,	3,	89,170,102
59,0,0,	-0.01156,-0.97418,0.22547,	3,	139,81,79
60,0,0,	-0.01988,-0.97733,0.21080,	3,	139,79,112
61,0,0,	0.13352,-0.96649,0.21924,	3,	21,22,74
62,0,0,	0.16746,-0.96309,0.21073,	3,	21,74,83
63,0,0,	-0.00000,0.00000,-1.00000,	3,	169,91,101
64,0,0,	-0.17569,0.93076,0.32066,	3,	136,137,166
65,0,0,	-0.19431,0.93864,0.28495,	3,	136,166,165
66,0,0,	0.01345,0.99811,-0.05997,	3,	136,165,100
67,0,0,	0.00296,0.99858,-0.05319,	3,	136,100,135
68,0,0,	-0.00000,0.99774,-0.06723,	3,	168,100,165
69,0,0,	-0.00000,0.99774,-0.06723,	3,	168,165,172
70,0,0,	-0.00000,0.93141,0.36397,	3,	166,173,172
71,0,0,	0.00000,0.93141,0.36397,	3,	166,172,165
72,0,0,	-0.00000,-0.00000,-1.00000,	3,	123,115,177
73,0,0,	-0.16702,-0.96232,0.21459,	3,	125,128,175
74,0,0,	-0.11520,-0.97623,0.18356,	3,	125,175,174
75,0,0,	-0.00000,0.00000,-1.00000,	3,	177,102,123
76,0,0,	-0.16537,-0.95866,0.23155,	3,	176,86,139
77,0,0,	0.20831,-0.94140,0.26527,	3,	48,39,37
78,0,0,	0.16537,-0.95866,0.23155,	3,	48,84,0
79,0,0,	0.00000,-0.00000,-1.00000,	3,	177,89,102
80,0,0,	-0.07559,-0.98519,0.15389,	3,	111,89,174
81,0,0,	-0.16984,-0.96716,0.18908,	3,	111,174,175
82,0,0,	-0.16746,-0.96309,0.21073,	3,	111,175,164
83,0,0,	-0.13335,-0.96651,0.21928,	3,	111,164,112
84,0,0,	-0.16537,-0.95866,0.23155,	3,	138,86,176
85,0,0,	-0.13677,-0.96918,0.20489,	3,	127,164,175
86,0,0,	-0.16822,-0.96444,0.20386,	3,	127,175,128
87,0,0,	-0.00371,-0.98492,0.17297,	3,	111,78,167
88,0,0,	-0.03527,-0.98685,0.15775,	3,	111,167,89
89,0,0,	-0.00000,0.93158,0.36353,	3,	100,168,77
90,0,0,	-0.00029,0.93144,0.36390,	3,	100,77,86
91,0,0,	0.92119,-0.37852,0.09021,	3,	111,112,131
92,0,0,	0.00656,0.10217,0.99475,	3,	131,80,78
93,0,0,	-0.01065,0.01965,0.99975,	3,	131,78,111
94,0,0,	0.15976,0.96802,0.19341,	3,	27,43,87
95,0,0,	0.16105,0.96770,0.19395,	3,	27,87,98

TEXTURES
cobra-stealth.png	1.0 1.0	0.29888 0.82358	0.34881 0.86816	0.41004 0.75238
cobra-stealth.png	1.0 1.0	0.29888 0.82358	0.41004 0.75238	0.36086 0.71606
cobra-stealth.png	1.0 1.0	0.17345 0.45994	0.04253 0.50911	0.07968 0.51961
cobra-stealth.png	1.0 1.0	0.17345 0.45994	0.07968 0.51961	0.17222 0.49663
cobra-stealth.png	1.0 1.0	0.24399 0.52935	0.31080 0.54798	0.39447 0.53753
cobra-stealth.png	1.0 1.0	0.24399 0.52935	0.39447 0.53753	0.33557 0.50272
cobra-stealth.png	1.0 1.0	0.08013 0.58384	0.14585 0.53653	0.07968 0.51961
cobra-stealth.png	1.0 1.0	0.28534 0.61340	0.22818 0.61244	0.31385 0.68044
cobra-stealth.png	1.0 1.0	0.28534 0.61340	0.31385 0.68044	0.34534 0.68017
cobra-stealth.png	1.0 1.0	0.16037 0.68470	0.25061 0.77738	0.31385 0.68044
cobra-stealth.png	1.0 1.0	0.16037 0.68470	0.31385 0.68044	0.22818 0.61244
cobra-stealth.png	1.0 1.0	0.08013 0.58384	0.16037 0.68470	0.22818 0.61244
cobra-stealth.png	1.0 1.0	0.08013 0.58384	0.22818 0.61244	0.14585 0.53653
cobra-stealth.png	1.0 1.0	0.31080 0.54798	0.34399 0.61104	0.40525 0.60537
cobra-stealth.png	1.0 1.0	0.31080 0.54798	0.40525 0.60537	0.39447 0.53753
cobra-stealth.png	1.0 1.0	0.34881 0.86816	0.40335 0.87123	0.41004 0.75238
cobra-stealth.png	1.0 1.0	0.04138 0.61070	0.08013 0.58384	0.07968 0.51961
cobra-stealth.png	1.0 1.0	0.04138 0.61070	0.07968 0.51961	0.04253 0.50911
cobra-stealth.png	1.0 1.0	0.12399 0.72339	0.21674 0.82652	0.25061 0.77738
cobra-stealth.png	1.0 1.0	0.12399 0.72339	0.25061 0.77738	0.16037 0.68470
cobra-stealth.png	1.0 1.0	0.04138 0.61070	0.12399 0.72339	0.16037 0.68470
cobra-stealth.png	1.0 1.0	0.04138 0.61070	0.16037 0.68470	0.08013 0.58384
cobra-stealth.png	1.0 1.0	0.00495 0.64065	0.04138 0.61070	0.04253 0.50911
cobra-stealth.png	1.0 1.0	0.00495 0.64065	0.04253 0.50911	0.00019 0.49621
cobra-stealth.png	1.0 1.0	0.08653 0.76384	0.18205 0.87631	0.21674 0.82652
cobra-stealth.png	1.0 1.0	0.08653 0.76384	0.21674 0.82652	0.12399 0.72339
cobra-stealth.png	1.0 1.0	0.00495 0.64065	0.08653 0.76384	0.12399 0.72339
cobra-stealth.png	1.0 1.0	0.00495 0.64065	0.12399 0.72339	0.04138 0.61070
cobra-stealth.png	1.0 1.0	0.26504 0.87766	0.23070 0.93152	0.29091 0.98786
cobra-stealth.png	1.0 1.0	0.26504 0.87766	0.29091 0.98786	0.31362 0.92930
cobra-stealth.png	1.0 1.0	0.17345 0.45994	0.10909 0.44332	0.00019 0.49621
cobra-stealth.png	1.0 1.0	0.17345 0.45994	0.00019 0.49621	0.04253 0.50911
cobra-stealth.png	1.0 1.0	0.15726 0.19253	0.11365 0.18916	0.03437 0.27958
cobra-stealth.png	1.0 1.0	0.15726 0.19253	0.03437 0.27958	0.09611 0.30896
cobra-stealth.png	1.0 1.0	0.15726 0.19253	0.09611 0.30896	0.16226 0.33814
cobra-stealth.png	1.0 1.0	0.15726 0.19253	0.16226 0.33814	0.20087 0.19592
cobra-stealth.png	1.0 1.0	0.17222 0.49663	0.24399 0.52935	0.22891 0.51007
cobra-stealth.png	1.0 1.0	0.17222 0.49663	0.22891 0.51007	0.18330 0.49229
cobra-stealth.png	1.0 1.0	0.24399 0.52935	0.33557 0.50272	0.32304 0.49719
cobra-stealth.png	1.0 1.0	0.24399 0.52935	0.32304 0.49719	0.25426 0.51358
cobra-stealth.png	1.0 1.0	0.07968 0.51961	0.14585 0.53653	0.23588 0.55434
cobra-stealth.png	1.0 1.0	0.07968 0.51961	0.23588 0.55434	0.17222 0.49663
cobra-stealth.png	1.0 1.0	0.17222 0.49663	0.23588 0.55434	0.31080 0.54798
cobra-stealth.png	1.0 1.0	0.17222 0.49663	0.31080 0.54798	0.24399 0.52935
cobra-stealth.png	1.0 1.0	0.40525 0.60537	0.34399 0.61104	0.37727 0.67912
cobra-stealth.png	1.0 1.0	0.40525 0.60537	0.37727 0.67912	0.41005 0.67764
cobra-stealth.png	1.0 1.0	0.34399 0.61104	0.28534 0.61340	0.34534 0.68017
cobra-stealth.png	1.0 1.0	0.34399 0.61104	0.34534 0.68017	0.37727 0.67912
cobra-stealth.png	1.0 1.0	0.14585 0.53653	0.22818 0.61244	0.28534 0.61340
cobra-stealth.png	1.0 1.0	0.14585 0.53653	0.28534 0.61340	0.23588 0.55434
cobra-stealth.png	1.0 1.0	0.23588 0.55434	0.28534 0.61340	0.34399 0.61104
cobra-stealth.png	1.0 1.0	0.23588 0.55434	0.34399 0.61104	0.31080 0.54798
cobra-stealth.png	1.0 1.0	0.22759 0.36666	0.24055 0.39512	0.30949 0.39465
cobra-stealth.png	1.0 1.0	0.23365 0.44876	0.17590 0.42339	0.10909 0.44332
cobra-stealth.png	1.0 1.0	0.23365 0.44876	0.10909 0.44332	0.17345 0.45994
cobra-stealth.png	1.0 1.0	0.50625 0.68044	0.47481 0.68022	0.45923 0.71606
cobra-stealth.png	1.0 1.0	0.47481 0.68022	0.44282 0.67913	0.45923 0.71606
cobra-stealth.png	1.0 1.0	0.24055 0.39512	0.22759 0.36666	0.16226 0.33814
cobra-stealth.png	1.0 1.0	0.24055 0.39512	0.16226 0.33814	0.16074 0.39513
cobra-stealth.png	1.0 1.0	0.09611 0.30896	0.09851 0.39459	0.16074 0.39513
cobra-stealth.png	1.0 1.0	0.09611 0.30896	0.16074 0.39513	0.16226 0.33814
cobra-stealth.png	1.0 1.0	0.09851 0.39459	0.09611 0.30896	0.03437 0.27958
cobra-stealth.png	1.0 1.0	0.09851 0.39459	0.03437 0.27958	0.00019 0.39349
cobra-stealth.png	1.0 1.0	0.15726 0.19253	0.20087 0.19592	0.24126 0.10223
cobra-stealth.png	1.0 1.0	0.15726 0.19253	0.24126 0.10223	0.21937 0.10036
cobra-stealth.png	1.0 1.0	0.11365 0.18916	0.15726 0.19253	0.21937 0.10036
cobra-stealth.png	1.0 1.0	0.11365 0.18916	0.21937 0.10036	0.19756 0.09867
cobra-stealth.png	1.0 1.0	0.21937 0.10036	0.25545 0.05411	0.23952 0.05343
cobra-stealth.png	1.0 1.0	0.21937 0.10036	0.23952 0.05343	0.19756 0.09867
cobra-stealth.png	1.0 1.0	0.23952 0.05343	0.25545 0.05411	0.29154 0.00785
cobra-stealth.png	1.0 1.0	0.87980 0.27019	0.77287 0.30210	0.82029 0.37873
cobra-stealth.png	1.0 1.0	0.87980 0.27019	0.82029 0.37873	0.89523 0.37586
cobra-stealth.png	1.0 1.0	0.82029 0.37873	0.77287 0.30210	0.80780 0.39401
cobra-stealth.png	1.0 1.0	0.25061 0.77738	0.29888 0.82358	0.36086 0.71606
cobra-stealth.png	1.0 1.0	0.25061 0.77738	0.36086 0.71606	0.31385 0.68044
cobra-stealth.png	1.0 1.0	0.21674 0.82652	0.26504 0.87766	0.29888 0.82358
cobra-stealth.png	1.0 1.0	0.21674 0.82652	0.29888 0.82358	0.25061 0.77738
cobra-stealth.png	1.0 1.0	0.21674 0.82652	0.18205 0.87631	0.23070 0.93152
cobra-stealth.png	1.0 1.0	0.21674 0.82652	0.23070 0.93152	0.26504 0.87766
cobra-stealth.png	1.0 1.0	0.77287 0.22952	0.78911 0.22960	0.80908 0.18207
cobra-stealth.png	1.0 1.0	0.77287 0.22952	0.80908 0.18207	0.79612 0.18157
cobra-stealth.png	1.0 1.0	0.86244 0.14320	0.81571 0.14320	0.82246 0.16190
cobra-stealth.png	1.0 1.0	0.86244 0.14320	0.82246 0.16190	0.86244 0.16190
cobra-stealth.png	1.0 1.0	0.52445 0.10067	0.50909 0.05291	0.48732 0.05514
cobra-stealth.png	1.0 1.0	0.28420 0.10557	0.28817 0.05666	0.27727 0.05581
cobra-stealth.png	1.0 1.0	0.28420 0.10557	0.27727 0.05581	0.26268 0.10391
cobra-stealth.png	1.0 1.0	0.31116 0.43903	0.24429 0.45789	0.25204 0.46194
cobra-stealth.png	1.0 1.0	0.31116 0.43903	0.25204 0.46194	0.30433 0.44954
cobra-stealth.png	1.0 1.0	0.31642 0.43093	0.23365 0.44876	0.24429 0.45789
cobra-stealth.png	1.0 1.0	0.31642 0.43093	0.24429 0.45789	0.31116 0.43903
cobra-stealth.png	1.0 1.0	0.33557 0.50272	0.31642 0.43093	0.31116 0.43903
cobra-stealth.png	1.0 1.0	0.33557 0.50272	0.31116 0.43903	0.32304 0.49719
cobra-stealth.png	1.0 1.0	0.23365 0.44876	0.24399 0.52935	0.25426 0.51358
cobra-stealth.png	1.0 1.0	0.23365 0.44876	0.25426 0.51358	0.24429 0.45789
cobra-stealth.png	1.0 1.0	0.31543 0.49264	0.30433 0.44954	0.29581 0.46242
cobra-stealth.png	1.0 1.0	0.31543 0.49264	0.29581 0.46242	0.29731 0.48415
cobra-stealth.png	1.0 1.0	0.25204 0.46194	0.26128 0.50384	0.27380 0.48758
cobra-stealth.png	1.0 1.0	0.25204 0.46194	0.27380 0.48758	0.26904 0.47216
cobra-stealth.png	1.0 1.0	0.25426 0.51358	0.32304 0.49719	0.31543 0.49264
cobra-stealth.png	1.0 1.0	0.25426 0.51358	0.31543 0.49264	0.26128 0.50384
cobra-stealth.png	1.0 1.0	0.24429 0.45789	0.25426 0.51358	0.26128 0.50384
cobra-stealth.png	1.0 1.0	0.24429 0.45789	0.26128 0.50384	0.25204 0.46194
cobra-stealth.png	1.0 1.0	0.32304 0.49719	0.31116 0.43903	0.30433 0.44954
cobra-stealth.png	1.0 1.0	0.32304 0.49719	0.30433 0.44954	0.31543 0.49264
cobra-stealth.png	1.0 1.0	0.29581 0.46242	0.26904 0.47216	0.27380 0.48758
cobra-stealth.png	1.0 1.0	0.29581 0.46242	0.27380 0.48758	0.29731 0.48415
cobra-stealth.png	1.0 1.0	0.30433 0.44954	0.25204 0.46194	0.26904 0.47216
cobra-stealth.png	1.0 1.0	0.30433 0.44954	0.26904 0.47216	0.29581 0.46242
cobra-stealth.png	1.0 1.0	0.26128 0.50384	0.31543 0.49264	0.29731 0.48415
cobra-stealth.png	1.0 1.0	0.26128 0.50384	0.29731 0.48415	0.27380 0.48758
cobra-stealth.png	1.0 1.0	0.18328 0.46791	0.18330 0.49229	0.18720 0.49020
cobra-stealth.png	1.0 1.0	0.18328 0.46791	0.18720 0.49020	0.18782 0.47086
cobra-stealth.png	1.0 1.0	0.24399 0.52935	0.23365 0.44876	0.22706 0.45721
cobra-stealth.png	1.0 1.0	0.24399 0.52935	0.22706 0.45721	0.22891 0.51007
cobra-stealth.png	1.0 1.0	0.23365 0.44876	0.17345 0.45994	0.18328 0.46791
cobra-stealth.png	1.0 1.0	0.23365 0.44876	0.18328 0.46791	0.22706 0.45721
cobra-stealth.png	1.0 1.0	0.17345 0.45994	0.17222 0.49663	0.18330 0.49229
cobra-stealth.png	1.0 1.0	0.17345 0.45994	0.18330 0.49229	0.18328 0.46791
cobra-stealth.png	1.0 1.0	0.18720 0.49020	0.22179 0.50123	0.20930 0.48511
cobra-stealth.png	1.0 1.0	0.18720 0.49020	0.20930 0.48511	0.20203 0.48375
cobra-stealth.png	1.0 1.0	0.18330 0.49229	0.22891 0.51007	0.22179 0.50123
cobra-stealth.png	1.0 1.0	0.18330 0.49229	0.22179 0.50123	0.18720 0.49020
cobra-stealth.png	1.0 1.0	0.22706 0.45721	0.18328 0.46791	0.18782 0.47086
cobra-stealth.png	1.0 1.0	0.22706 0.45721	0.18782 0.47086	0.22133 0.46424
cobra-stealth.png	1.0 1.0	0.22891 0.51007	0.22706 0.45721	0.22133 0.46424
cobra-stealth.png	1.0 1.0	0.22891 0.51007	0.22133 0.46424	0.22179 0.50123
cobra-stealth.png	1.0 1.0	0.21032 0.47640	0.20119 0.47929	0.20203 0.48375
cobra-stealth.png	1.0 1.0	0.21032 0.47640	0.20203 0.48375	0.20930 0.48511
cobra-stealth.png	1.0 1.0	0.18782 0.47086	0.18720 0.49020	0.20203 0.48375
cobra-stealth.png	1.0 1.0	0.18782 0.47086	0.20203 0.48375	0.20119 0.47929
cobra-stealth.png	1.0 1.0	0.22179 0.50123	0.22133 0.46424	0.21032 0.47640
cobra-stealth.png	1.0 1.0	0.22179 0.50123	0.21032 0.47640	0.20930 0.48511
cobra-stealth.png	1.0 1.0	0.22133 0.46424	0.18782 0.47086	0.20119 0.47929
cobra-stealth.png	1.0 1.0	0.22133 0.46424	0.20119 0.47929	0.21032 0.47640
cobra-stealth.png	1.0 1.0	0.77287 0.18119	0.78582 0.18068	0.82246 0.16190
cobra-stealth.png	1.0 1.0	0.77287 0.18119	0.82246 0.16190	0.81571 0.14320
cobra-stealth.png	1.0 1.0	0.28797 0.20274	0.30949 0.39465	0.38621 0.39327
cobra-stealth.png	1.0 1.0	0.28797 0.20274	0.38621 0.39327	0.38152 0.19954
cobra-stealth.png	1.0 1.0	0.31362 0.92930	0.29091 0.98786	0.38959 0.99978
cobra-stealth.png	1.0 1.0	0.31362 0.92930	0.38959 0.99978	0.39669 0.93901
cobra-stealth.png	1.0 1.0	0.31642 0.43093	0.33557 0.50272	0.37911 0.48958
cobra-stealth.png	1.0 1.0	0.31642 0.43093	0.37911 0.48958	0.35648 0.42003
cobra-stealth.png	1.0 1.0	0.29072 0.41056	0.31642 0.43093	0.35648 0.42003
cobra-stealth.png	1.0 1.0	0.29072 0.41056	0.35648 0.42003	0.35088 0.39550
cobra-stealth.png	1.0 1.0	0.28817 0.05666	0.28420 0.10557	0.37827 0.10261
cobra-stealth.png	1.0 1.0	0.28817 0.05666	0.37827 0.10261	0.37648 0.05113
cobra-stealth.png	1.0 1.0	0.29154 0.00785	0.28817 0.05666	0.37648 0.05113
cobra-stealth.png	1.0 1.0	0.29154 0.00785	0.37648 0.05113	0.37485 0.00466
cobra-stealth.png	1.0 1.0	0.37911 0.48958	0.33557 0.50272	0.39447 0.53753
cobra-stealth.png	1.0 1.0	0.78911 0.22960	0.82605 0.25093	0.84636 0.19980
cobra-stealth.png	1.0 1.0	0.78911 0.22960	0.84636 0.19980	0.80908 0.18207
cobra-stealth.png	1.0 1.0	0.78911 0.22960	0.77287 0.22952	0.81611 0.26982
cobra-stealth.png	1.0 1.0	0.78911 0.22960	0.81611 0.26982	0.82605 0.25093
cobra-stealth.png	1.0 1.0	0.88642 0.26942	0.88634 0.25075	0.82605 0.25093
cobra-stealth.png	1.0 1.0	0.88642 0.26942	0.82605 0.25093	0.81611 0.26982
cobra-stealth.png	1.0 1.0	0.84636 0.19980	0.82605 0.25093	0.88634 0.25075
cobra-stealth.png	1.0 1.0	0.84636 0.19980	0.88634 0.25075	0.88634 0.19980
cobra-stealth.png	1.0 1.0	0.23365 0.44876	0.24754 0.41929	0.17590 0.42339
cobra-stealth.png	1.0 1.0	0.82029 0.37873	0.80780 0.39401	0.89804 0.39513
cobra-stealth.png	1.0 1.0	0.82029 0.37873	0.89804 0.39513	0.89523 0.37586
cobra-stealth.png	1.0 1.0	0.16226 0.33814	0.22759 0.36666	0.24443 0.19933
cobra-stealth.png	1.0 1.0	0.16226 0.33814	0.24443 0.19933	0.20087 0.19592
cobra-stealth.png	1.0 1.0	0.24754 0.41929	0.23365 0.44876	0.31642 0.43093
cobra-stealth.png	1.0 1.0	0.27727 0.05581	0.28817 0.05666	0.29154 0.00785
cobra-stealth.png	1.0 1.0	0.54628 0.09827	0.50909 0.05291	0.52445 0.10067
cobra-stealth.png	1.0 1.0	0.52445 0.10067	0.48732 0.05514	0.50308 0.10287
cobra-stealth.png	1.0 1.0	0.24754 0.41929	0.31642 0.43093	0.29072 0.41056
cobra-stealth.png	1.0 1.0	0.28797 0.20274	0.24443 0.19933	0.22759 0.36666
cobra-stealth.png	1.0 1.0	0.28797 0.20274	0.22759 0.36666	0.30949 0.39465
cobra-stealth.png	1.0 1.0	0.25545 0.05411	0.24126 0.10223	0.27727 0.05581
cobra-stealth.png	1.0 1.0	0.24126 0.10223	0.20087 0.19592	0.24443 0.19933
cobra-stealth.png	1.0 1.0	0.24126 0.10223	0.24443 0.19933	0.26268 0.10391
cobra-stealth.png	1.0 1.0	0.52121 0.82360	0.45923 0.71606	0.41004 0.75238
cobra-stealth.png	1.0 1.0	0.52121 0.82360	0.41004 0.75238	0.47127 0.86818
cobra-stealth.png	1.0 1.0	0.64668 0.45994	0.64791 0.49663	0.74045 0.51962
cobra-stealth.png	1.0 1.0	0.64668 0.45994	0.74045 0.51962	0.77760 0.50912
cobra-stealth.png	1.0 1.0	0.57614 0.52936	0.48455 0.50272	0.42565 0.53753
cobra-stealth.png	1.0 1.0	0.57614 0.52936	0.42565 0.53753	0.50932 0.54798
cobra-stealth.png	1.0 1.0	0.74000 0.58386	0.74045 0.51962	0.67428 0.53654
cobra-stealth.png	1.0 1.0	0.53481 0.61342	0.47481 0.68022	0.50625 0.68044
cobra-stealth.png	1.0 1.0	0.53481 0.61342	0.50625 0.68044	0.59194 0.61244
cobra-stealth.png	1.0 1.0	0.65975 0.68472	0.59194 0.61244	0.50625 0.68044
cobra-stealth.png	1.0 1.0	0.65975 0.68472	0.50625 0.68044	0.56949 0.77740
cobra-stealth.png	1.0 1.0	0.59194 0.61244	0.65975 0.68472	0.74000 0.58386
cobra-stealth.png	1.0 1.0	0.59194 0.61244	0.74000 0.58386	0.67428 0.53654
cobra-stealth.png	1.0 1.0	0.50932 0.54798	0.42565 0.53753	0.41486 0.60537
cobra-stealth.png	1.0 1.0	0.50932 0.54798	0.41486 0.60537	0.47612 0.61105
cobra-stealth.png	1.0 1.0	0.45923 0.71606	0.44282 0.67913	0.41005 0.67764
cobra-stealth.png	1.0 1.0	0.45923 0.71606	0.41005 0.67764	0.41004 0.75238
cobra-stealth.png	1.0 1.0	0.47127 0.86818	0.41004 0.75238	0.41673 0.87124
cobra-stealth.png	1.0 1.0	0.77875 0.61072	0.77760 0.50912	0.74045 0.51962
cobra-stealth.png	1.0 1.0	0.77875 0.61072	0.74045 0.51962	0.74000 0.58386
cobra-stealth.png	1.0 1.0	0.69613 0.72342	0.65975 0.68472	0.56949 0.77740
cobra-stealth.png	1.0 1.0	0.69613 0.72342	0.56949 0.77740	0.60336 0.82655
cobra-stealth.png	1.0 1.0	0.77875 0.61072	0.74000 0.58386	0.65975 0.68472
cobra-stealth.png	1.0 1.0	0.77875 0.61072	0.65975 0.68472	0.69613 0.72342
cobra-stealth.png	1.0 1.0	0.81519 0.64067	0.81996 0.49621	0.77760 0.50912
cobra-stealth.png	1.0 1.0	0.81519 0.64067	0.77760 0.50912	0.77875 0.61072
cobra-stealth.png	1.0 1.0	0.73359 0.76388	0.69613 0.72342	0.60336 0.82655
cobra-stealth.png	1.0 1.0	0.73359 0.76388	0.60336 0.82655	0.63805 0.87635
cobra-stealth.png	1.0 1.0	0.81519 0.64067	0.77875 0.61072	0.69613 0.72342
cobra-stealth.png	1.0 1.0	0.81519 0.64067	0.69613 0.72342	0.73359 0.76388
cobra-stealth.png	1.0 1.0	0.55505 0.87769	0.50646 0.92933	0.52916 0.98790
cobra-stealth.png	1.0 1.0	0.55505 0.87769	0.52916 0.98790	0.58939 0.93156
cobra-stealth.png	1.0 1.0	0.64668 0.45994	0.77760 0.50912	0.81996 0.49621
cobra-stealth.png	1.0 1.0	0.64668 0.45994	0.81996 0.49621	0.71104 0.44332
cobra-stealth.png	1.0 1.0	0.61061 0.18891	0.67456 0.30383	0.73557 0.27296
cobra-stealth.png	1.0 1.0	0.61061 0.18891	0.73557 0.27296	0.65412 0.18449
cobra-stealth.png	1.0 1.0	0.61061 0.18891	0.56710 0.19335	0.60913 0.33460
cobra-stealth.png	1.0 1.0	0.61061 0.18891	0.60913 0.33460	0.67456 0.30383
cobra-stealth.png	1.0 1.0	0.64791 0.49663	0.63683 0.49229	0.59121 0.51008
cobra-stealth.png	1.0 1.0	0.64791 0.49663	0.59121 0.51008	0.57614 0.52936
cobra-stealth.png	1.0 1.0	0.57614 0.52936	0.56586 0.51359	0.49708 0.49719
cobra-stealth.png	1.0 1.0	0.57614 0.52936	0.49708 0.49719	0.48455 0.50272
cobra-stealth.png	1.0 1.0	0.74045 0.51962	0.64791 0.49663	0.58424 0.55434
cobra-stealth.png	1.0 1.0	0.74045 0.51962	0.58424 0.55434	0.67428 0.53654
cobra-stealth.png	1.0 1.0	0.64791 0.49663	0.57614 0.52936	0.50932 0.54798
cobra-stealth.png	1.0 1.0	0.64791 0.49663	0.50932 0.54798	0.58424 0.55434
cobra-stealth.png	1.0 1.0	0.41486 0.60537	0.41005 0.67764	0.44282 0.67913
cobra-stealth.png	1.0 1.0	0.41486 0.60537	0.44282 0.67913	0.47612 0.61105
cobra-stealth.png	1.0 1.0	0.47612 0.61105	0.44282 0.67913	0.47481 0.68022
cobra-stealth.png	1.0 1.0	0.47612 0.61105	0.47481 0.68022	0.53481 0.61342
cobra-stealth.png	1.0 1.0	0.67428 0.53654	0.58424 0.55434	0.53481 0.61342
cobra-stealth.png	1.0 1.0	0.67428 0.53654	0.53481 0.61342	0.59194 0.61244
cobra-stealth.png	1.0 1.0	0.58424 0.55434	0.50932 0.54798	0.47612 0.61105
cobra-stealth.png	1.0 1.0	0.58424 0.55434	0.47612 0.61105	0.53481 0.61342
cobra-stealth.png	1.0 1.0	0.54451 0.36469	0.46331 0.39465	0.53224 0.39346
cobra-stealth.png	1.0 1.0	0.58647 0.44876	0.64668 0.45994	0.71104 0.44332
cobra-stealth.png	1.0 1.0	0.58647 0.44876	0.71104 0.44332	0.64423 0.42339
cobra-stealth.png	1.0 1.0	0.36086 0.71606	0.34534 0.68017	0.31385 0.68044
cobra-stealth.png	1.0 1.0	0.34534 0.68017	0.36086 0.71606	0.37727 0.67912
cobra-stealth.png	1.0 1.0	0.53224 0.39346	0.61203 0.39153	0.60913 0.33460
cobra-stealth.png	1.0 1.0	0.53224 0.39346	0.60913 0.33460	0.54451 0.36469
cobra-stealth.png	1.0 1.0	0.67456 0.30383	0.60913 0.33460	0.61203 0.39153
cobra-stealth.png	1.0 1.0	0.67456 0.30383	0.61203 0.39153	0.67423 0.38949
cobra-stealth.png	1.0 1.0	0.67423 0.38949	0.77250 0.38601	0.73557 0.27296
cobra-stealth.png	1.0 1.0	0.67423 0.38949	0.73557 0.27296	0.67456 0.30383
cobra-stealth.png	1.0 1.0	0.61061 0.18891	0.54628 0.09827	0.52445 0.10067
cobra-stealth.png	1.0 1.0	0.61061 0.18891	0.52445 0.10067	0.56710 0.19335
cobra-stealth.png	1.0 1.0	0.65412 0.18449	0.56805 0.09605	0.54628 0.09827
cobra-stealth.png	1.0 1.0	0.65412 0.18449	0.54628 0.09827	0.61061 0.18891
cobra-stealth.png	1.0 1.0	0.54628 0.09827	0.56805 0.09605	0.52500 0.05184
cobra-stealth.png	1.0 1.0	0.54628 0.09827	0.52500 0.05184	0.50909 0.05291
cobra-stealth.png	1.0 1.0	0.52500 0.05184	0.47189 0.00754	0.50909 0.05291
cobra-stealth.png	1.0 1.0	0.99137 0.27019	0.87980 0.27019	0.89523 0.37586
cobra-stealth.png	1.0 1.0	0.99137 0.27019	0.89523 0.37586	0.96786 0.35718
cobra-stealth.png	1.0 1.0	0.56949 0.77740	0.50625 0.68044	0.45923 0.71606
cobra-stealth.png	1.0 1.0	0.56949 0.77740	0.45923 0.71606	0.52121 0.82360
cobra-stealth.png	1.0 1.0	0.60336 0.82655	0.56949 0.77740	0.52121 0.82360
cobra-stealth.png	1.0 1.0	0.60336 0.82655	0.52121 0.82360	0.55505 0.87769
cobra-stealth.png	1.0 1.0	0.60336 0.82655	0.55505 0.87769	0.58939 0.93156
cobra-stealth.png	1.0 1.0	0.60336 0.82655	0.58939 0.93156	0.63805 0.87635
cobra-stealth.png	1.0 1.0	0.99981 0.22952	0.97656 0.18157	0.96361 0.18207
cobra-stealth.png	1.0 1.0	0.99981 0.22952	0.96361 0.18207	0.98357 0.22960
cobra-stealth.png	1.0 1.0	0.86244 0.14320	0.86244 0.16190	0.90242 0.16190
cobra-stealth.png	1.0 1.0	0.86244 0.14320	0.90242 0.16190	0.90917 0.14320
cobra-stealth.png	1.0 1.0	0.27727 0.05581	0.24126 0.10223	0.26268 0.10391
cobra-stealth.png	1.0 1.0	0.48159 0.10505	0.50308 0.10287	0.48732 0.05514
cobra-stealth.png	1.0 1.0	0.48159 0.10505	0.48732 0.05514	0.47644 0.05625
cobra-stealth.png	1.0 1.0	0.50896 0.43903	0.51579 0.44954	0.56808 0.46194
cobra-stealth.png	1.0 1.0	0.50896 0.43903	0.56808 0.46194	0.57583 0.45789
cobra-stealth.png	1.0 1.0	0.50370 0.43093	0.50896 0.43903	0.57583 0.45789
cobra-stealth.png	1.0 1.0	0.50370 0.43093	0.57583 0.45789	0.58647 0.44876
cobra-stealth.png	1.0 1.0	0.48455 0.50272	0.49708 0.49719	0.50896 0.43903
cobra-stealth.png	1.0 1.0	0.48455 0.50272	0.50896 0.43903	0.50370 0.43093
cobra-stealth.png	1.0 1.0	0.58647 0.44876	0.57583 0.45789	0.56586 0.51359
cobra-stealth.png	1.0 1.0	0.58647 0.44876	0.56586 0.51359	0.57614 0.52936
cobra-stealth.png	1.0 1.0	0.50469 0.49264	0.52281 0.48415	0.52431 0.46242
cobra-stealth.png	1.0 1.0	0.50469 0.49264	0.52431 0.46242	0.51579 0.44954
cobra-stealth.png	1.0 1.0	0.56808 0.46194	0.55109 0.47216	0.54632 0.48758
cobra-stealth.png	1.0 1.0	0.56808 0.46194	0.54632 0.48758	0.55884 0.50384
cobra-stealth.png	1.0 1.0	0.56586 0.51359	0.55884 0.50384	0.50469 0.49264
cobra-stealth.png	1.0 1.0	0.56586 0.51359	0.50469 0.49264	0.49708 0.49719
cobra-stealth.png	1.0 1.0	0.57583 0.45789	0.56808 0.46194	0.55884 0.50384
cobra-stealth.png	1.0 1.0	0.57583 0.45789	0.55884 0.50384	0.56586 0.51359
cobra-stealth.png	1.0 1.0	0.49708 0.49719	0.50469 0.49264	0.51579 0.44954
cobra-stealth.png	1.0 1.0	0.49708 0.49719	0.51579 0.44954	0.50896 0.43903
cobra-stealth.png	1.0 1.0	0.52431 0.46242	0.52281 0.48415	0.54632 0.48758
cobra-stealth.png	1.0 1.0	0.52431 0.46242	0.54632 0.48758	0.55109 0.47216
cobra-stealth.png	1.0 1.0	0.51579 0.44954	0.52431 0.46242	0.55109 0.47216
cobra-stealth.png	1.0 1.0	0.51579 0.44954	0.55109 0.47216	0.56808 0.46194
cobra-stealth.png	1.0 1.0	0.55884 0.50384	0.54632 0.48758	0.52281 0.48415
cobra-stealth.png	1.0 1.0	0.55884 0.50384	0.52281 0.48415	0.50469 0.49264
cobra-stealth.png	1.0 1.0	0.63684 0.46791	0.63231 0.47086	0.63293 0.49020
cobra-stealth.png	1.0 1.0	0.63684 0.46791	0.63293 0.49020	0.63683 0.49229
cobra-stealth.png	1.0 1.0	0.57614 0.52936	0.59121 0.51008	0.59307 0.45721
cobra-stealth.png	1.0 1.0	0.57614 0.52936	0.59307 0.45721	0.58647 0.44876
cobra-stealth.png	1.0 1.0	0.58647 0.44876	0.59307 0.45721	0.63684 0.46791
cobra-stealth.png	1.0 1.0	0.58647 0.44876	0.63684 0.46791	0.64668 0.45994
cobra-stealth.png	1.0 1.0	0.64668 0.45994	0.63684 0.46791	0.63683 0.49229
cobra-stealth.png	1.0 1.0	0.64668 0.45994	0.63683 0.49229	0.64791 0.49663
cobra-stealth.png	1.0 1.0	0.63293 0.49020	0.61810 0.48375	0.61083 0.48512
cobra-stealth.png	1.0 1.0	0.63293 0.49020	0.61083 0.48512	0.59833 0.50124
cobra-stealth.png	1.0 1.0	0.63683 0.49229	0.63293 0.49020	0.59833 0.50124
cobra-stealth.png	1.0 1.0	0.63683 0.49229	0.59833 0.50124	0.59121 0.51008
cobra-stealth.png	1.0 1.0	0.59307 0.45721	0.59880 0.46424	0.63231 0.47086
cobra-stealth.png	1.0 1.0	0.59307 0.45721	0.63231 0.47086	0.63684 0.46791
cobra-stealth.png	1.0 1.0	0.59121 0.51008	0.59833 0.50124	0.59880 0.46424
cobra-stealth.png	1.0 1.0	0.59121 0.51008	0.59880 0.46424	0.59307 0.45721
cobra-stealth.png	1.0 1.0	0.60981 0.47641	0.61083 0.48512	0.61810 0.48375
cobra-stealth.png	1.0 1.0	0.60981 0.47641	0.61810 0.48375	0.61894 0.47929
cobra-stealth.png	1.0 1.0	0.63231 0.47086	0.61894 0.47929	0.61810 0.48375
cobra-stealth.png	1.0 1.0	0.63231 0.47086	0.61810 0.48375	0.63293 0.49020
cobra-stealth.png	1.0 1.0	0.59833 0.50124	0.61083 0.48512	0.60981 0.47641
cobra-stealth.png	1.0 1.0	0.59833 0.50124	0.60981 0.47641	0.59880 0.46424
cobra-stealth.png	1.0 1.0	0.59880 0.46424	0.60981 0.47641	0.61894 0.47929
cobra-stealth.png	1.0 1.0	0.59880 0.46424	0.61894 0.47929	0.63231 0.47086
cobra-stealth.png	1.0 1.0	0.95201 0.18119	0.90917 0.14320	0.90242 0.16190
cobra-stealth.png	1.0 1.0	0.95201 0.18119	0.90242 0.16190	0.93907 0.18068
cobra-stealth.png	1.0 1.0	0.47189 0.00754	0.38852 0.00637	0.38802 0.05286
cobra-stealth.png	1.0 1.0	0.47189 0.00754	0.38802 0.05286	0.47644 0.05625
cobra-stealth.png	1.0 1.0	0.50370 0.43093	0.46364 0.42003	0.44101 0.48958
cobra-stealth.png	1.0 1.0	0.50370 0.43093	0.44101 0.48958	0.48455 0.50272
cobra-stealth.png	1.0 1.0	0.52940 0.41056	0.46924 0.39550	0.46364 0.42003
cobra-stealth.png	1.0 1.0	0.52940 0.41056	0.46364 0.42003	0.50370 0.43093
cobra-stealth.png	1.0 1.0	0.47644 0.05625	0.38802 0.05286	0.38748 0.10438
cobra-stealth.png	1.0 1.0	0.47644 0.05625	0.38748 0.10438	0.48159 0.10505
cobra-stealth.png	1.0 1.0	0.28797 0.20274	0.28420 0.10557	0.26268 0.10391
cobra-stealth.png	1.0 1.0	0.28797 0.20274	0.26268 0.10391	0.24443 0.19933
cobra-stealth.png	1.0 1.0	0.44101 0.48958	0.42565 0.53753	0.48455 0.50272
cobra-stealth.png	1.0 1.0	0.98357 0.22960	0.96361 0.18207	0.92632 0.19980
cobra-stealth.png	1.0 1.0	0.98357 0.22960	0.92632 0.19980	0.94664 0.25093
cobra-stealth.png	1.0 1.0	0.98357 0.22960	0.94664 0.25093	0.95658 0.26982
cobra-stealth.png	1.0 1.0	0.98357 0.22960	0.95658 0.26982	0.99981 0.22952
cobra-stealth.png	1.0 1.0	0.88626 0.26942	0.95658 0.26982	0.94664 0.25093
cobra-stealth.png	1.0 1.0	0.88626 0.26942	0.94664 0.25093	0.88634 0.25075
cobra-stealth.png	1.0 1.0	0.92632 0.19980	0.88634 0.19980	0.88634 0.25075
cobra-stealth.png	1.0 1.0	0.92632 0.19980	0.88634 0.25075	0.94664 0.25093
cobra-stealth.png	1.0 1.0	0.58647 0.44876	0.64423 0.42339	0.57258 0.41929
cobra-stealth.png	1.0 1.0	0.60913 0.33460	0.56710 0.19335	0.52363 0.19782
cobra-stealth.png	1.0 1.0	0.60913 0.33460	0.52363 0.19782	0.54451 0.36469
cobra-stealth.png	1.0 1.0	0.57258 0.41929	0.50370 0.43093	0.58647 0.44876
cobra-stealth.png	1.0 1.0	0.48732 0.05514	0.47189 0.00754	0.47644 0.05625
cobra-stealth.png	1.0 1.0	0.25545 0.05411	0.21937 0.10036	0.24126 0.10223
cobra-stealth.png	1.0 1.0	0.25545 0.05411	0.27727 0.05581	0.29154 0.00785
cobra-stealth.png	1.0 1.0	0.57258 0.41929	0.52940 0.41056	0.50370 0.43093
cobra-stealth.png	1.0 1.0	0.48019 0.20229	0.46331 0.39465	0.54451 0.36469
cobra-stealth.png	1.0 1.0	0.48019 0.20229	0.54451 0.36469	0.52363 0.19782
cobra-stealth.png	1.0 1.0	0.48019 0.20229	0.52363 0.19782	0.50308 0.10287
cobra-stealth.png	1.0 1.0	0.48019 0.20229	0.50308 0.10287	0.48159 0.10505
cobra-stealth.png	1.0 1.0	0.50909 0.05291	0.47189 0.00754	0.48732 0.05514
cobra-stealth.png	1.0 1.0	0.52445 0.10067	0.50308 0.10287	0.52363 0.19782
cobra-stealth.png	1.0 1.0	0.52445 0.10067	0.52363 0.19782	0.56710 0.19335
cobra-stealth.png	1.0 1.0	0.48019 0.20229	0.38659 0.20135	0.38659 0.39513
cobra-stealth.png	1.0 1.0	0.48019 0.20229	0.38659 0.39513	0.46331 0.39465
cobra-stealth.png	1.0 1.0	0.50646 0.92933	0.42337 0.93903	0.43047 0.99981
cobra-stealth.png	1.0 1.0	0.50646 0.92933	0.43047 0.99981	0.52916 0.98790
cobra-stealth.png	1.0 1.0	0.98420 0.36825	0.99137 0.27019	0.96786 0.35718
cobra-stealth.png	1.0 1.0	0.96786 0.35718	0.89523 0.37586	0.89804 0.39513
cobra-stealth.png	1.0 1.0	0.96786 0.35718	0.89804 0.39513	0.98420 0.36825
cobra-stealth.png	1.0 1.0	0.37727 0.67912	0.36086 0.71606	0.41004 0.75238
cobra-stealth.png	1.0 1.0	0.37727 0.67912	0.41004 0.75238	0.41005 0.67764

END
